"IP","Date","Time","Accepted cookies","Device type","Browser language","Browser name","OS Name","Country","Region","RegionName","City","Zipcode","Lat","Lon"
"00.00.00.000",2023-04-26,"11:22:38 UTC","[""necessary""]","desktop","en","Chrome","Linux","India","GJ","Gujarat","Surat",395007,21.1888,72.8293
"00.00.00.000",2023-04-26,"11:57:52 UTC","[""necessary""]","desktop","en","Chrome","Linux","India","GJ","Gujarat","Surat",395007,21.1888,72.8293
"00.00.00.000",2023-04-26,"12:11:44 UTC","[""necessary""]","desktop","en","Chrome","Linux","India","GJ","Gujarat","Surat",395007,21.1888,72.8293
"00.00.00.000",2023-04-27,"12:50:29 UTC","[""necessary""]","desktop","en","Chrome","Linux","India","GJ","Gujarat","Surat",395007,21.1888,72.8293
"00.00.00.000",2023-04-28,"03:38:44 UTC","[""necessary""]","desktop","en","Chrome","Linux","India","GJ","Gujarat","Surat",395007,21.1888,72.8293
49.36.83.154,2023-05-01,05:06:37 UTC,["necessary"],desktop,en,Chrome,Linux,India,GJ,Gujarat,Surat,395007,21.1888,72.8293
49.36.83.154,2023-05-01,10:30:54 UTC,["necessary"],desktop,en,Chrome,Linux,India,GJ,Gujarat,Surat,395007,21.1888,72.8293
49.36.83.154,2023-05-01,11:34:59 UTC,["necessary"],desktop,en,Chrome,Linux,India,GJ,Gujarat,Surat,395007,21.1888,72.8293
49.36.83.154,2023-05-02,08:47:53 UTC,["necessary"],desktop,en,Chrome,Linux,India,GJ,Gujarat,Surat,395007,21.1888,72.8293
49.36.83.154,2023-05-04,04:03:08 UTC,["necessary"],desktop,en,Chrome,Linux,India,GJ,Gujarat,Surat,395007,21.1888,72.8293
49.36.83.154,2023-05-05,05:50:24 UTC,["necessary"],desktop,en,Chrome,Linux,India,GJ,Gujarat,Surat,395007,21.1888,72.8293
49.36.83.154,2023-05-08,09:02:58 UTC,["necessary"],desktop,en,Chrome,Linux,India,GJ,Gujarat,Surat,395007,21.1888,72.8293
49.36.83.154,2023-05-08,10:51:10 UTC,["necessary"],desktop,en,Chrome,Linux,India,GJ,Gujarat,Surat,395007,21.1888,72.8293
49.36.83.154,2023-05-09,05:33:48 UTC,["necessary"],desktop,en,Chrome,Linux,India,GJ,Gujarat,Surat,395007,21.1888,72.8293
49.36.83.154,2023-05-12,09:01:08 UTC,["necessary"],desktop,en,Chrome,Linux,India,GJ,Gujarat,Surat,395007,21.1888,72.8293
49.36.83.154,2023-05-16,07:05:35 UTC,["necessary"],desktop,en,Chrome,Linux,India,GJ,Gujarat,Surat,395007,21.1888,72.8293
49.36.83.154,2023-05-18,05:49:07 UTC,["necessary"],desktop,en,Chrome,Linux,India,GJ,Gujarat,Surat,395007,21.1888,72.8293
49.36.83.154,2023-05-18,12:42:11 UTC,["necessary"],desktop,en,Chrome,Linux,India,GJ,Gujarat,Surat,395007,21.1888,72.8293
49.36.83.154,2023-05-19,05:20:53 UTC,["necessary"],desktop,en,Chrome,Linux,India,GJ,Gujarat,Surat,395007,21.1888,72.8293
49.36.83.154,2023-05-22,04:19:12 UTC,["necessary"],desktop,en,Chrome,Linux,India,GJ,Gujarat,Surat,395007,21.1888,72.8293
49.36.83.154,2023-05-23,07:17:12 UTC,["necessary"],desktop,en,Chrome,Linux,India,GJ,Gujarat,Surat,395007,21.1888,72.8293
49.36.83.154,2023-05-24,03:42:10 UTC,["necessary"],desktop,en,Chrome,Linux,India,GJ,Gujarat,Surat,395007,21.1888,72.8293
49.36.83.154,2023-05-24,04:16:41 UTC,["necessary"],desktop,en,Chrome,Linux,India,GJ,Gujarat,Surat,395007,21.1888,72.8293
49.36.83.154,2023-05-25,08:40:21 UTC,["necessary"],desktop,en,Chrome,Linux,India,GJ,Gujarat,Surat,395007,21.1888,72.8293
49.36.83.154,2023-05-25,09:26:38 UTC,["necessary"],desktop,en,Chrome,Linux,India,GJ,Gujarat,Surat,395007,21.1888,72.8293
49.36.83.154,2023-05-26,05:39:49 UTC,["necessary"],desktop,en,Chrome,Linux,India,GJ,Gujarat,Surat,395007,21.1888,72.8293
49.36.83.154,2023-05-29,05:40:42 UTC,["necessary"],desktop,en,Chrome,Linux,India,GJ,Gujarat,Surat,395007,21.1888,72.8293
49.36.83.154,2023-05-30,04:18:02 UTC,["necessary"],desktop,en,Chrome,Linux,India,GJ,Gujarat,Surat,395007,21.1888,72.8293
49.36.83.154,2023-05-30,05:11:33 UTC,["necessary"],desktop,en,Chrome,Linux,India,GJ,Gujarat,Surat,395007,21.1888,72.8293
49.36.83.154,2023-05-30,12:13:58 UTC,["necessary"],desktop,en,Chrome,Linux,India,GJ,Gujarat,Surat,395007,21.1888,72.8293
49.36.83.154,2023-05-31,05:22:29 UTC,["necessary"],desktop,en,Chrome,Linux,India,GJ,Gujarat,Surat,395007,21.1888,72.8293
49.36.83.154,2023-06-05,03:31:00 UTC,["necessary"],desktop,en,Chrome,Linux,India,GJ,Gujarat,Surat,395007,21.1888,72.8293
49.36.83.154,2023-06-15,10:08:49 UTC,["necessary"],desktop,en,Chrome,Linux,India,GJ,Gujarat,Surat,395007,21.1888,72.8293
49.36.83.154,2023-06-20,04:55:38 UTC,["necessary"],desktop,en,Chrome,Linux,India,GJ,Gujarat,Surat,395007,21.1888,72.8293
49.36.83.154,2023-06-30,05:55:36 UTC,["necessary"],desktop,en,Chrome,Linux,India,GJ,Gujarat,Surat,395007,21.1888,72.8293
49.36.83.154,2023-07-03,04:09:59 UTC,["necessary"],desktop,en,Chrome,Linux,India,GJ,Gujarat,Surat,395007,21.1888,72.8293
49.36.83.154,2023-07-06,06:54:45 UTC,["necessary"],desktop,en,Chrome,Linux,India,GJ,Gujarat,Surat,395007,21.1888,72.8293
49.36.83.154,2023-07-06,09:22:48 UTC,["necessary"],desktop,en,Chrome,Linux,India,GJ,Gujarat,Surat,395007,21.1888,72.8293
49.36.83.154,2023-07-07,04:08:57 UTC,["necessary"],desktop,en,Chrome,Linux,India,GJ,Gujarat,Surat,395007,21.1888,72.8293
49.36.83.154,2023-07-07,12:22:35 UTC,["necessary"],desktop,en,Chrome,Linux,India,GJ,Gujarat,Surat,395007,21.1888,72.8293
49.36.83.154,2023-07-10,04:56:24 UTC,["necessary"],desktop,en,Chrome,Linux,India,GJ,Gujarat,Surat,395007,21.1888,72.8293
49.36.83.154,2023-07-10,05:34:51 UTC,["necessary"],desktop,en,Chrome,Linux,India,GJ,Gujarat,Surat,395007,21.1888,72.8293
49.36.83.154,2023-07-10,06:18:31 UTC,["necessary"],desktop,en,Chrome,Linux,India,GJ,Gujarat,Surat,395007,21.1888,72.8293
49.36.83.154,2023-07-10,06:31:45 UTC,["necessary"],desktop,en,Chrome,Linux,India,GJ,Gujarat,Surat,395007,21.1888,72.8293
49.36.83.154,2023-07-10,21:44:12 UTC,["necessary"],desktop,en,Chrome,Linux,India,GJ,Gujarat,Surat,395007,21.1888,72.8293
49.36.83.154,2023-07-28,17:07:14 UTC,["necessary"],desktop,en,Chrome,Linux,India,GJ,Gujarat,Vadodara,390002,22.3008,73.2043
49.36.83.154,2023-08-31,08:34:04 UTC,["necessary"],desktop,en,Chrome,Linux,India,GJ,Gujarat,Surat,395007,21.1888,72.8293
49.36.83.154,2023-10-30,04:04:11 UTC,["necessary"],desktop,en,Chrome,Linux,India,GJ,Gujarat,Surat,395007,21.1888,72.8293
49.36.83.154,2023-11-07,11:29:54 UTC,["necessary"],desktop,en,Chrome,Linux,India,GJ,Gujarat,Surat,395007,21.1888,72.8293
49.36.83.154,2023-11-08,11:42:43 UTC,["necessary"],desktop,en,Chrome,Linux,India,GJ,Gujarat,Surat,395007,21.1888,72.8293
49.36.83.154,2023-11-09,09:02:47 UTC,["necessary"],desktop,en,Chrome,Linux,India,GJ,Gujarat,Surat,395007,21.1888,72.8293
49.36.83.154,2023-11-09,10:09:42 UTC,["necessary"],desktop,en,Chrome,Linux,India,GJ,Gujarat,Surat,395007,21.1888,72.8293
49.36.83.154,2023-11-16,07:17:21 UTC,["necessary"],desktop,en,Chrome,Linux,India,GJ,Gujarat,Surat,395007,21.1888,72.8293
49.36.83.154,2023-11-17,03:09:04 UTC,["necessary"],desktop,en,Chrome,Linux,India,GJ,Gujarat,Surat,395007,21.1888,72.8293
49.36.83.154,2023-11-20,03:44:19 UTC,["necessary"],desktop,en,Chrome,Linux,India,GJ,Gujarat,Surat,395007,21.1888,72.8293
49.36.83.154,2023-11-20,10:37:02 UTC,["necessary"],desktop,en,Chrome,Linux,India,GJ,Gujarat,Surat,395007,21.1888,72.8293
49.36.83.154,2023-11-27,05:13:43 UTC,["necessary"],desktop,en,Chrome,Linux,India,GJ,Gujarat,Surat,395007,21.1888,72.8293
49.36.83.154,2023-11-28,11:45:25 UTC,["necessary"],desktop,en,Chrome,Linux,India,GJ,Gujarat,Surat,395007,21.1888,72.8293
49.36.83.154,2023-11-29,09:18:09 UTC,["necessary"],desktop,en,Chrome,Linux,India,GJ,Gujarat,Surat,395007,21.1888,72.8293
49.36.83.154,2023-12-01,04:54:34 UTC,["necessary"],desktop,en,Chrome,Linux,India,GJ,Gujarat,Surat,395007,21.1888,72.8293
49.36.83.154,2023-12-04,06:18:21 UTC,["necessary"],desktop,en,Chrome,Linux,India,GJ,Gujarat,Surat,394101,21.1888,72.8293
49.36.83.154,2023-12-04,09:42:48 UTC,["necessary"],desktop,en,Chrome,Linux,India,GJ,Gujarat,Surat,394101,21.1888,72.8293
49.36.83.154,2023-12-11,03:34:21 UTC,["necessary"],desktop,en,Chrome,Linux,India,GJ,Gujarat,Surat,394101,21.1888,72.8293
49.36.83.154,2023-12-11,12:15:08 UTC,["necessary"],desktop,en,Chrome,Linux,India,GJ,Gujarat,Surat,394101,21.1888,72.8293
49.36.83.154,2023-12-12,03:25:36 UTC,["necessary"],desktop,en,Chrome,Linux,India,GJ,Gujarat,Surat,394101,21.1888,72.8293
49.36.83.154,2023-12-12,05:24:02 UTC,["necessary"],desktop,en,Chrome,Linux,India,GJ,Gujarat,Surat,394101,21.1888,72.8293
49.36.83.154,2023-12-12,10:37:34 UTC,["necessary"],desktop,en,Chrome,Linux,India,GJ,Gujarat,Surat,394101,21.1888,72.8293
49.36.83.154,2023-12-12,10:39:13 UTC,["necessary"],desktop,en,Chrome,Linux,India,GJ,Gujarat,Surat,394101,21.1888,72.8293
49.36.83.154,2023-12-12,11:19:40 UTC,["necessary"],desktop,en,Chrome,Linux,India,GJ,Gujarat,Surat,394101,21.1888,72.8293
49.36.83.154,2023-12-14,04:00:56 UTC,["necessary"],desktop,en,Chrome,Linux,India,GJ,Gujarat,Surat,394101,21.1888,72.8293
49.36.83.154,2023-12-14,05:34:15 UTC,["necessary"],desktop,en,Chrome,Linux,India,GJ,Gujarat,Surat,394101,21.1888,72.8293
49.36.83.154,2023-12-14,14:11:19 UTC,["necessary"],desktop,en,Chrome,Linux,India,GJ,Gujarat,Surat,394101,21.1888,72.8293
49.36.83.154,2023-12-14,17:31:41 UTC,["necessary"],desktop,en,Chrome,Linux,India,GJ,Gujarat,Surat,394101,21.1888,72.8293
49.36.83.154,2023-12-15,09:08:15 UTC,["necessary"],desktop,en,Chrome,Linux,India,GJ,Gujarat,Surat,394101,21.1888,72.8293
49.36.83.154,2023-12-15,09:25:52 UTC,["necessary"],desktop,en,Chrome,Linux,India,GJ,Gujarat,Surat,394101,21.1888,72.8293
49.36.83.154,2023-12-15,11:17:37 UTC,["necessary"],desktop,en,Chrome,Linux,India,GJ,Gujarat,Surat,394101,21.1888,72.8293
49.36.83.154,2023-12-15,12:10:54 UTC,["necessary"],desktop,en,Chrome,Linux,India,GJ,Gujarat,Surat,394101,21.1888,72.8293
49.36.83.154,2023-12-15,14:59:52 UTC,["necessary"],desktop,en,Chrome,Linux,India,GJ,Gujarat,Surat,394101,21.1888,72.8293
49.36.83.154,2023-12-19,07:08:59 UTC,["necessary"],desktop,en,Chrome,Linux,India,GJ,Gujarat,Surat,394101,21.1888,72.8293
49.36.83.154,2023-12-20,08:50:55 UTC,["necessary"],desktop,en,Chrome,Linux,India,GJ,Gujarat,Surat,394101,21.1888,72.8293
49.36.83.154,2023-12-21,05:11:54 UTC,["necessary"],desktop,en,Chrome,Linux,India,GJ,Gujarat,Surat,394101,21.1888,72.8293
49.36.83.154,2023-12-26,06:54:51 UTC,["necessary"],desktop,en,Chrome,Linux,India,GJ,Gujarat,Surat,394101,21.1888,72.8293
49.36.83.154,2023-12-27,03:47:02 UTC,["necessary"],desktop,en,Chrome,Linux,India,GJ,Gujarat,Surat,394101,21.1888,72.8293
49.36.83.154,2023-12-29,08:43:53 UTC,["necessary"],desktop,en,Chrome,Linux,India,GJ,Gujarat,Surat,394101,21.1888,72.8293
49.36.83.154,2023-12-29,12:07:20 UTC,["necessary"],desktop,en,Chrome,Linux,India,GJ,Gujarat,Surat,394101,21.1888,72.8293
49.36.83.154,2024-01-01,09:23:28 UTC,["necessary"],desktop,en,Chrome,Linux,India,GJ,Gujarat,Surat,394101,21.1888,72.8293
49.36.83.154,2024-01-01,12:06:52 UTC,["necessary"],desktop,en,Chrome,Linux,India,GJ,Gujarat,Surat,394101,21.1888,72.8293
49.36.83.154,2024-01-02,03:41:18 UTC,["necessary"],desktop,en,Chrome,Linux,India,GJ,Gujarat,Surat,394101,21.1888,72.8293
49.36.83.154,2024-01-02,05:56:10 UTC,["necessary"],desktop,en,Chrome,Linux,India,GJ,Gujarat,Surat,394101,21.1888,72.8293
49.36.83.154,2024-01-03,03:23:23 UTC,["necessary"],desktop,en,Chrome,Linux,India,GJ,Gujarat,Surat,395007,21.1888,72.8293
49.36.83.154,2024-01-08,03:25:21 UTC,["necessary"],desktop,en,Chrome,Linux,India,GJ,Gujarat,Surat,395007,21.1888,72.8293
49.36.83.154,2024-01-10,06:37:27 UTC,["necessary"],desktop,en,Chrome,Linux,India,GJ,Gujarat,Surat,395007,21.1888,72.8293
49.36.83.154,2024-01-10,07:26:14 UTC,["necessary"],desktop,en,Chrome,Linux,India,GJ,Gujarat,Surat,395007,21.1888,72.8293
49.36.83.154,2024-01-11,03:40:52 UTC,["necessary"],desktop,en,Chrome,Linux,India,GJ,Gujarat,Surat,395007,21.1888,72.8293
49.36.83.154,2024-01-11,05:36:58 UTC,["necessary"],desktop,en,Chrome,Linux,India,GJ,Gujarat,Surat,395007,21.1888,72.8293
49.36.83.154,2024-01-11,10:27:35 UTC,["necessary"],desktop,en,Chrome,Linux,India,GJ,Gujarat,Surat,395007,21.1888,72.8293
49.36.83.154,2024-01-12,04:10:59 UTC,["necessary"],desktop,en,Chrome,Linux,India,GJ,Gujarat,Surat,395007,21.1888,72.8293
49.36.83.154,2024-01-12,06:16:55 UTC,["necessary"],desktop,en,Chrome,Linux,India,GJ,Gujarat,Surat,395007,21.1888,72.8293
49.36.83.154,2024-01-12,11:37:06 UTC,["necessary"],desktop,en,Chrome,Linux,India,GJ,Gujarat,Surat,395007,21.1888,72.8293
49.36.83.154,2024-01-16,03:34:03 UTC,["necessary"],desktop,en,Chrome,Linux,India,GJ,Gujarat,Surat,395007,21.1888,72.8293
49.36.83.154,2024-01-16,06:23:42 UTC,["necessary"],desktop,en,Chrome,Linux,India,GJ,Gujarat,Surat,395007,21.1888,72.8293
49.36.83.154,2024-01-17,04:13:31 UTC,["necessary"],desktop,en,Chrome,Linux,India,GJ,Gujarat,Surat,395007,21.1888,72.8293
49.36.83.154,2024-01-17,07:23:22 UTC,["necessary"],desktop,en,Chrome,Linux,India,GJ,Gujarat,Surat,395007,21.1888,72.8293
49.36.83.154,2024-01-18,10:02:57 UTC,["necessary"],desktop,en,Chrome,Linux,India,GJ,Gujarat,Surat,395007,21.1888,72.8293
49.36.83.154,2024-01-19,06:23:18 UTC,["necessary"],desktop,en,Chrome,Linux,India,GJ,Gujarat,Surat,395007,21.1888,72.8293
49.36.83.154,2024-01-19,12:42:37 UTC,["necessary"],desktop,en,Chrome,Linux,India,GJ,Gujarat,Surat,395007,21.1888,72.8293
49.36.83.154,2024-01-22,06:55:31 UTC,["necessary"],desktop,en,Chrome,Linux,India,GJ,Gujarat,Surat,395007,21.1888,72.8293
49.36.83.154,2024-01-24,08:47:53 UTC,["necessary"],desktop,en,Chrome,Windows,India,GJ,Gujarat,Surat,395007,21.1888,72.8293
49.36.83.154,2024-01-25,05:01:41 UTC,["necessary"],desktop,en,Chrome,Windows,India,GJ,Gujarat,Surat,395007,21.1888,72.8293
49.36.83.154,2024-01-25,05:42:45 UTC,["necessary"],desktop,en,Chrome,Windows,India,GJ,Gujarat,Surat,395007,21.1888,72.8293
49.36.83.154,2024-01-25,10:48:34 UTC,["necessary"],desktop,en,Chrome,Windows,India,GJ,Gujarat,Surat,395007,21.1888,72.8293
49.36.83.154,2024-01-25,11:51:11 UTC,["necessary"],desktop,en,Chrome,Windows,India,GJ,Gujarat,Surat,395007,21.1888,72.8293
49.36.83.154,2024-01-25,16:21:22 UTC,["necessary"],desktop,en,Chrome,Windows,India,GJ,Gujarat,Surat,395007,21.1888,72.8293
49.36.83.154,2024-01-26,11:32:33 UTC,["necessary"],desktop,en,Chrome,Windows,India,GJ,Gujarat,Surat,395007,21.1888,72.8293
49.36.83.154,2024-01-27,03:21:40 UTC,["necessary"],desktop,en,Chrome,Linux,India,GJ,Gujarat,Surat,395007,21.1888,72.8293
49.36.83.154,2024-01-27,03:36:05 UTC,["necessary"],desktop,en,Chrome,Linux,India,GJ,Gujarat,Surat,395007,21.1888,72.8293
49.36.83.154,2024-01-27,08:42:33 UTC,["necessary"],desktop,en,Chrome,Linux,India,GJ,Gujarat,Surat,395007,21.1888,72.8293
49.36.83.154,2024-01-27,08:55:27 UTC,["necessary"],desktop,en,Chrome,Linux,India,GJ,Gujarat,Surat,395007,21.1888,72.8293
49.36.83.154,2024-01-27,09:06:07 UTC,["necessary"],desktop,en,Chrome,Linux,India,GJ,Gujarat,Surat,395007,21.1888,72.8293
49.36.83.154,2024-01-29,04:21:46 UTC,["necessary"],desktop,en,Chrome,Linux,India,GJ,Gujarat,Surat,395007,21.1888,72.8293
49.36.83.154,2024-01-29,04:35:53 UTC,["necessary"],desktop,en,Chrome,Linux,India,GJ,Gujarat,Surat,395007,21.1888,72.8293
49.36.83.154,2024-01-29,04:37:54 UTC,["necessary"],desktop,en,Chrome,Linux,India,GJ,Gujarat,Surat,395007,21.1888,72.8293
49.36.83.154,2024-01-29,04:43:53 UTC,["necessary"],desktop,en,Chrome,Linux,India,GJ,Gujarat,Surat,395007,21.1888,72.8293
49.36.83.154,2024-01-29,05:54:02 UTC,["necessary"],desktop,en,Chrome,Linux,India,GJ,Gujarat,Surat,395007,21.1888,72.8293
49.36.83.154,2024-01-29,09:01:05 UTC,["necessary"],desktop,en,Chrome,Linux,India,GJ,Gujarat,Surat,395007,21.1888,72.8293
49.36.83.154,2024-01-29,11:40:12 UTC,["necessary"],desktop,en,Chrome,Linux,India,GJ,Gujarat,Surat,395007,21.1888,72.8293
49.36.83.154,2024-01-31,07:21:16 UTC,["necessary"],desktop,en,Chrome,Linux,India,GJ,Gujarat,Surat,395007,21.1888,72.8293
49.36.83.154,2024-01-31,08:39:40 UTC,["necessary"],desktop,en,Chrome,Linux,India,GJ,Gujarat,Surat,395007,21.1888,72.8293
49.36.83.154,2024-02-02,10:12:37 UTC,["necessary"],desktop,en,Chrome,Linux,India,GJ,Gujarat,Surat,395007,21.1888,72.8293
49.36.83.154,2024-02-07,06:20:08 UTC,["necessary"],desktop,en,Chrome,Linux,India,GJ,Gujarat,Surat,395007,21.1888,72.8293
49.36.83.154,2024-02-08,10:21:34 UTC,["necessary"],desktop,en,Chrome,Linux,India,GJ,Gujarat,Surat,395007,21.1888,72.8293
49.36.83.154,2024-02-09,09:04:46 UTC,["necessary"],desktop,en,Chrome,Linux,India,GJ,Gujarat,Surat,395007,21.1888,72.8293
49.36.83.154,2024-02-12,03:15:26 UTC,["necessary"],desktop,en,Chrome,Linux,India,GJ,Gujarat,Surat,395007,21.1888,72.8293
49.36.83.154,2024-02-29,09:00:19 UTC,["necessary"],desktop,en,Chrome,Linux,India,GJ,Gujarat,Surat,395007,21.1888,72.8293
49.36.83.154,2024-03-01,09:51:18 UTC,["necessary"],desktop,en,Chrome,Linux,India,GJ,Gujarat,Surat,395007,21.1888,72.8293
49.36.83.154,2024-03-07,09:33:57 UTC,["necessary"],desktop,en,Chrome,Linux,India,GJ,Gujarat,Surat,395007,21.1888,72.8293
49.36.83.154,2024-03-08,04:12:57 UTC,["necessary"],desktop,en,Chrome,Linux,India,GJ,Gujarat,Surat,395007,21.1888,72.8293
49.36.83.154,2024-03-08,05:39:26 UTC,["necessary"],desktop,en,Chrome,Linux,India,GJ,Gujarat,Surat,395007,21.1888,72.8293
49.36.83.154,2024-03-08,05:58:56 UTC,["necessary"],desktop,en,Chrome,Linux,India,GJ,Gujarat,Surat,395007,21.1888,72.8293
49.36.83.154,2024-03-08,07:25:55 UTC,["necessary"],desktop,en,Chrome,Linux,India,GJ,Gujarat,Surat,395007,21.1888,72.8293
49.36.83.154,2024-03-08,07:26:58 UTC,["necessary"],desktop,en,Chrome,Linux,India,GJ,Gujarat,Surat,395007,21.1888,72.8293
49.36.83.154,2024-03-08,11:22:58 UTC,["necessary"],desktop,en,Chrome,Linux,India,GJ,Gujarat,Surat,395007,21.1888,72.8293
49.36.83.154,2024-03-11,03:08:31 UTC,["necessary"],desktop,en,Chrome,Linux,India,GJ,Gujarat,Surat,395007,21.1888,72.8293
49.36.83.154,2024-03-11,03:20:32 UTC,["necessary"],desktop,en,Chrome,Linux,India,GJ,Gujarat,Surat,395007,21.1888,72.8293
49.36.83.154,2024-03-11,03:23:45 UTC,["necessary"],desktop,en,Chrome,Linux,India,GJ,Gujarat,Surat,395007,21.1888,72.8293
49.36.83.154,2024-03-11,03:25:48 UTC,["necessary"],desktop,en,Chrome,Linux,India,GJ,Gujarat,Surat,395007,21.1888,72.8293
49.36.83.154,2024-03-12,03:04:23 UTC,["necessary"],desktop,en,Chrome,Linux,India,GJ,Gujarat,Surat,395007,21.1888,72.8293
49.36.83.154,2024-03-12,09:00:53 UTC,["necessary"],desktop,en,Chrome,Linux,India,GJ,Gujarat,Surat,395007,21.1888,72.8293
49.36.83.154,2024-03-12,09:02:00 UTC,["necessary"],desktop,en,Chrome,Linux,India,GJ,Gujarat,Surat,395007,21.1888,72.8293
49.36.83.154,2024-03-12,10:11:36 UTC,["necessary"],desktop,en,Chrome,Linux,India,GJ,Gujarat,Surat,395007,21.1888,72.8293
49.36.83.154,2024-03-12,12:36:57 UTC,["necessary"],desktop,en,Chrome,Linux,India,GJ,Gujarat,Surat,395007,21.1888,72.8293
49.36.83.154,2024-03-12,12:38:10 UTC,["necessary"],desktop,en,Chrome,Linux,India,GJ,Gujarat,Surat,395007,21.1888,72.8293
49.36.83.154,2024-03-13,02:55:00 UTC,["necessary"],desktop,en,Chrome,Linux,India,GJ,Gujarat,Surat,395007,21.1888,72.8293
49.36.83.154,2024-03-13,05:47:25 UTC,["necessary"],desktop,en,Chrome,Linux,India,GJ,Gujarat,Surat,395007,21.1888,72.8293
49.36.83.154,2024-03-13,06:46:50 UTC,["necessary"],desktop,en,Chrome,Linux,India,GJ,Gujarat,Surat,395007,21.1888,72.8293
49.36.83.154,2024-03-13,08:50:36 UTC,["necessary"],desktop,en,Chrome,Linux,India,GJ,Gujarat,Surat,395007,21.1888,72.8293
49.36.83.154,2024-03-14,03:08:46 UTC,["necessary"],desktop,en,Chrome,Linux,India,GJ,Gujarat,Surat,395007,21.1888,72.8293
49.36.83.154,2024-03-14,03:09:39 UTC,["necessary"],desktop,en,Chrome,Linux,India,GJ,Gujarat,Surat,395007,21.1888,72.8293
49.36.83.154,2024-03-14,03:13:56 UTC,["necessary"],desktop,en,Chrome,Linux,India,GJ,Gujarat,Surat,395007,21.1888,72.8293
49.36.83.154,2024-03-14,03:28:17 UTC,["necessary"],desktop,en,Chrome,Linux,India,GJ,Gujarat,Surat,395007,21.1888,72.8293
49.36.83.154,2024-03-14,05:06:54 UTC,["necessary"],desktop,en,Chrome,Linux,India,GJ,Gujarat,Surat,395007,21.1888,72.8293
49.36.83.154,2024-03-14,05:57:23 UTC,["necessary"],desktop,en,Chrome,Linux,India,GJ,Gujarat,Surat,395007,21.1888,72.8293
49.36.83.154,2024-03-22,06:19:26 UTC,["necessary"],desktop,en,Chrome,Linux,India,GJ,Gujarat,Surat,395007,21.1888,72.8293
49.36.83.154,2024-03-22,06:23:26 UTC,["necessary"],desktop,en,Chrome,Linux,India,GJ,Gujarat,Surat,395007,21.1888,72.8293
49.36.83.154,2024-03-27,03:45:21 UTC,["necessary"],desktop,en,Chrome,Linux,India,GJ,Gujarat,Surat,395007,21.1888,72.8293
49.36.83.154,2024-03-27,11:30:45 UTC,["necessary"],desktop,en,Chrome,Linux,India,GJ,Gujarat,Surat,395007,21.1888,72.8293
49.36.83.154,2024-03-27,12:34:07 UTC,["necessary"],desktop,en,Chrome,Linux,India,GJ,Gujarat,Surat,395007,21.1888,72.8293
49.36.83.154,2024-04-01,04:17:02 UTC,["necessary"],desktop,en,Chrome,Linux,India,GJ,Gujarat,Surat,395007,21.1888,72.8293
49.36.83.154,2024-04-01,07:15:48 UTC,["necessary"],desktop,en,Chrome,Linux,India,GJ,Gujarat,Surat,395007,21.1888,72.8293
49.36.83.154,2024-04-01,08:47:38 UTC,["necessary"],desktop,en,Chrome,Linux,India,GJ,Gujarat,Surat,395007,21.1888,72.8293
49.36.83.154,2024-04-01,11:26:36 UTC,["necessary"],desktop,en,Chrome,Linux,India,GJ,Gujarat,Surat,395007,21.1888,72.8293
49.36.83.154,2024-04-02,04:18:32 UTC,["necessary"],desktop,en,Chrome,Linux,India,GJ,Gujarat,Surat,395007,21.1888,72.8293
49.36.83.154,2024-04-02,05:48:57 UTC,["necessary"],desktop,en,Chrome,Linux,India,GJ,Gujarat,Surat,395007,21.1888,72.8293
49.36.83.154,2024-04-02,11:21:33 UTC,["necessary"],desktop,en,Chrome,Linux,India,GJ,Gujarat,Surat,395007,21.1888,72.8293
49.36.83.154,2024-04-03,04:19:07 UTC,["necessary"],desktop,en,Chrome,Linux,India,GJ,Gujarat,Surat,395007,21.1888,72.8293
49.36.83.154,2024-04-03,07:11:51 UTC,["necessary"],desktop,en,Chrome,Linux,India,GJ,Gujarat,Surat,395007,21.1888,72.8293
49.36.83.154,2024-04-03,10:36:08 UTC,["necessary"],desktop,en,Chrome,Linux,India,GJ,Gujarat,Surat,395007,21.1888,72.8293
49.36.83.154,2024-04-10,05:26:15 UTC,["necessary"],desktop,en,Chrome,Linux,India,GJ,Gujarat,Surat,395007,21.1888,72.8293
49.36.83.154,2024-04-12,03:32:11 UTC,["necessary"],desktop,en,Chrome,Linux,India,GJ,Gujarat,Surat,395007,21.1888,72.8293
49.36.83.154,2024-05-03,10:17:48 UTC,["necessary"],desktop,en,Chrome,Linux,India,GJ,Gujarat,Surat,395007,21.1888,72.8293
49.36.83.154,2024-05-07,03:41:08 UTC,["necessary"],desktop,en,Firefox,Ubuntu,India,GJ,Gujarat,Surat,395007,21.1888,72.8293
49.36.83.154,2024-05-10,06:45:45 UTC,["necessary"],desktop,en,Chrome,Linux,India,GJ,Gujarat,Surat,395007,21.1888,72.8293
49.36.83.154,2024-05-13,10:00:09 UTC,["necessary"],desktop,en,Chrome,Linux,India,GJ,Gujarat,Surat,395007,21.1888,72.8293
49.36.83.154,2024-05-28,04:02:58 UTC,["necessary"],desktop,en,Chrome,Linux,India,GJ,Gujarat,Surat,395007,21.1888,72.8293
49.36.83.154,2024-05-30,09:12:14 UTC,["necessary"],desktop,en,Chrome,Linux,India,GJ,Gujarat,Surat,395007,21.1888,72.8293
49.36.83.154,2024-06-03,05:31:00 UTC,["necessary"],desktop,en,Chrome,Linux,India,GJ,Gujarat,Surat,395007,21.1888,72.8293
49.36.83.154,2024-06-03,06:45:17 UTC,["necessary"],desktop,en,Chrome,Linux,India,GJ,Gujarat,Surat,395007,21.1888,72.8293
49.36.83.154,2024-06-04,06:49:57 UTC,["necessary"],desktop,en,Chrome,Linux,India,GJ,Gujarat,Surat,395007,21.1888,72.8293
49.36.83.154,2024-06-04,08:00:56 UTC,["necessary"],desktop,en,Chrome,Linux,India,GJ,Gujarat,Surat,395007,21.1888,72.8293
49.36.83.154,2024-06-05,06:54:23 UTC,["necessary"],desktop,en,Chrome,Linux,India,GJ,Gujarat,Surat,395007,21.1888,72.8293
49.36.83.154,2024-06-07,10:32:14 UTC,["necessary"],desktop,en,Chrome,Linux,India,GJ,Gujarat,Surat,395007,21.1888,72.8293
49.36.83.154,2024-07-31,05:22:03 UTC,["necessary"],desktop,en,Chrome,Linux,India,GJ,Gujarat,Surat,395007,21.1888,72.8293
49.36.83.154,2024-07-31,05:25:41 UTC,["necessary"],desktop,en,Chrome,Linux,India,GJ,Gujarat,Surat,395007,21.1888,72.8293
49.36.83.154,2024-07-31,05:27:04 UTC,["necessary"],desktop,en,Chrome,Linux,India,GJ,Gujarat,Surat,395007,21.1888,72.8293
49.36.83.154,2024-07-31,05:33:24 UTC,["necessary"],desktop,en,Chrome,Linux,India,GJ,Gujarat,Surat,395007,21.1888,72.8293
49.36.83.154,2024-07-31,05:39:24 UTC,["necessary"],desktop,en,Chrome,Linux,India,GJ,Gujarat,Surat,395007,21.1888,72.8293
49.36.83.154,2024-08-01,09:06:06 UTC,["necessary"],desktop,en,Chrome,Linux,India,GJ,Gujarat,Surat,395007,21.1888,72.8293
49.36.83.154,2024-08-12,12:27:17 UTC,["necessary"],desktop,en,Chrome,Linux,India,GJ,Gujarat,Surat,395007,21.1888,72.8293
49.36.83.154,2024-08-14,06:38:20 UTC,["necessary"],desktop,en,Chrome,Linux,India,GJ,Gujarat,Surat,395007,21.1888,72.8293
49.36.83.154,2024-08-14,06:42:39 UTC,["necessary"],desktop,en,Chrome,Linux,India,GJ,Gujarat,Surat,395007,21.1888,72.8293
49.36.83.154,2024-08-28,11:28:13 UTC,["necessary"],desktop,en,Chrome,Linux,India,GJ,Gujarat,Ahmedabad,380007,23.0276,72.5871
49.36.83.154,2024-09-02,08:51:31 UTC,["necessary"],desktop,en,Chrome,Linux,India,GJ,Gujarat,Ahmedabad,380007,23.0276,72.5871
49.36.83.154,2024-09-03,09:40:06 UTC,["necessary"],desktop,en,Chrome,Linux,India,GJ,Gujarat,Surat,395007,21.1888,72.8293
49.36.83.154,2024-09-03,10:59:55 UTC,["necessary"],desktop,en,Chrome,Linux,India,GJ,Gujarat,Surat,395007,21.1888,72.8293
49.36.83.154,2024-09-04,03:17:17 UTC,["necessary"],desktop,en,Chrome,Linux,India,GJ,Gujarat,Surat,395007,21.1888,72.8293
49.36.83.154,2024-09-04,05:17:54 UTC,["necessary"],desktop,en,Chrome,Linux,India,GJ,Gujarat,Surat,395007,21.1888,72.8293
49.36.83.154,2024-09-04,06:12:36 UTC,["necessary"],desktop,en,Chrome,Linux,India,GJ,Gujarat,Surat,395007,21.1888,72.8293
49.36.83.154,2024-09-06,10:17:02 UTC,["necessary"],desktop,en,Chrome,Linux,India,GJ,Gujarat,Surat,395007,21.1888,72.8293
49.36.83.154,2024-09-10,07:20:02 UTC,["necessary"],desktop,en,Chrome,Linux,India,GJ,Gujarat,Surat,395007,21.1888,72.8293
49.36.83.154,2024-09-10,10:33:02 UTC,["necessary"],desktop,en,Chrome,Linux,India,GJ,Gujarat,Surat,395007,21.1888,72.8293
49.36.83.154,2024-09-11,06:04:06 UTC,["necessary"],desktop,en,Chrome,Linux,India,GJ,Gujarat,Surat,395007,21.1888,72.8293
49.36.83.154,2024-09-11,07:07:49 UTC,["necessary"],desktop,en,Chrome,Linux,India,GJ,Gujarat,Surat,395007,21.1888,72.8293
49.36.83.154,2024-09-12,11:32:11 UTC,["necessary"],desktop,en,Chrome,Linux,India,GJ,Gujarat,Surat,395007,21.1888,72.8293
49.36.83.154,2024-09-12,13:06:45 UTC,["necessary"],desktop,en,Chrome,Linux,India,GJ,Gujarat,Surat,395007,21.1888,72.8293
49.36.83.154,2024-09-13,10:56:01 UTC,["necessary"],desktop,en,Chrome,Linux,India,GJ,Gujarat,Surat,395007,21.1888,72.8293
49.36.83.154,2024-09-19,04:17:18 UTC,["necessary"],desktop,en,Chrome,Linux,India,GJ,Gujarat,Surat,395007,21.1888,72.8293
49.36.83.154,2024-09-19,05:58:32 UTC,["necessary"],desktop,en,Chrome,Linux,India,GJ,Gujarat,Surat,395007,21.1888,72.8293
49.36.83.154,2024-09-19,08:37:00 UTC,["necessary"],desktop,en,Chrome,Linux,India,GJ,Gujarat,Surat,395007,21.1888,72.8293
49.36.83.154,2024-09-20,03:40:06 UTC,["necessary"],desktop,en,Chrome,Linux,India,GJ,Gujarat,Surat,395007,21.1888,72.8293
49.36.83.154,2024-09-20,11:08:26 UTC,["necessary"],desktop,en,Chrome,Linux,India,GJ,Gujarat,Surat,395007,21.1888,72.8293
49.36.83.154,2024-09-20,11:10:52 UTC,["necessary"],desktop,en,Chrome,Linux,India,GJ,Gujarat,Surat,395007,21.1888,72.8293
49.36.83.154,2024-09-23,04:36:44 UTC,["necessary"],desktop,en,Chrome,Linux,India,GJ,Gujarat,Surat,395007,21.1888,72.8293
49.36.83.154,2024-09-23,04:54:10 UTC,["necessary"],desktop,en,Chrome,Linux,India,GJ,Gujarat,Surat,395007,21.1888,72.8293
49.36.83.154,2024-09-23,11:20:43 UTC,["necessary"],desktop,en,Chrome,Linux,India,GJ,Gujarat,Surat,395007,21.1888,72.8293
49.36.83.154,2024-09-24,03:42:56 UTC,["necessary"],desktop,en,Chrome,Linux,India,GJ,Gujarat,Surat,395007,21.1888,72.8293
49.36.83.154,2024-09-24,04:59:10 UTC,["necessary"],desktop,en,Chrome,Linux,India,GJ,Gujarat,Surat,395007,21.1888,72.8293
49.36.83.154,2024-09-24,05:36:19 UTC,["necessary"],desktop,en,Chrome,Linux,India,GJ,Gujarat,Surat,395007,21.1888,72.8293
49.36.83.154,2024-09-24,05:48:01 UTC,["necessary"],desktop,en,Chrome,Linux,India,GJ,Gujarat,Surat,395007,21.1888,72.8293
49.36.83.154,2024-09-24,09:29:19 UTC,["necessary"],desktop,en,Chrome,Linux,India,GJ,Gujarat,Surat,395007,21.1888,72.8293
49.36.83.154,2024-09-24,09:51:02 UTC,["necessary"],desktop,en,Chrome,Linux,India,GJ,Gujarat,Surat,395007,21.1888,72.8293
49.36.83.154,2024-09-25,05:20:28 UTC,["necessary"],desktop,en,Chrome,Linux,India,GJ,Gujarat,Surat,395007,21.1888,72.8293
49.36.83.154,2024-09-25,06:26:41 UTC,["necessary"],desktop,en,Chrome,Linux,India,GJ,Gujarat,Surat,395007,21.1888,72.8293
49.36.83.154,2024-09-25,07:25:11 UTC,["necessary"],desktop,en,Chrome,Linux,India,GJ,Gujarat,Surat,395007,21.1888,72.8293
49.36.83.154,2024-09-25,08:47:42 UTC,["necessary"],desktop,en,Chrome,Linux,India,GJ,Gujarat,Surat,395007,21.1888,72.8293
49.36.83.154,2024-09-25,10:03:27 UTC,["necessary"],desktop,en,Chrome,Linux,India,GJ,Gujarat,Surat,395007,21.1888,72.8293
49.36.83.154,2024-09-25,10:44:49 UTC,["necessary"],desktop,en,Chrome,Linux,India,GJ,Gujarat,Surat,395007,21.1888,72.8293
49.36.83.154,2024-09-25,12:33:13 UTC,["necessary"],desktop,en,Chrome,Linux,India,GJ,Gujarat,Surat,395007,21.1888,72.8293
49.36.83.154,2024-09-26,04:00:43 UTC,["necessary"],desktop,en,Chrome,Linux,India,GJ,Gujarat,Surat,395007,21.1888,72.8293
49.36.83.154,2024-09-26,06:36:48 UTC,["necessary"],desktop,en,Chrome,Linux,India,GJ,Gujarat,Surat,395007,21.1888,72.8293
49.36.83.154,2024-09-26,10:03:43 UTC,["necessary"],desktop,en,Chrome,Linux,India,GJ,Gujarat,Surat,395007,21.1888,72.8293
49.36.83.154,2024-09-27,04:55:57 UTC,["necessary"],desktop,en,Chrome,Linux,India,GJ,Gujarat,Surat,395007,21.1888,72.8293
49.36.83.154,2024-09-27,06:33:38 UTC,["necessary"],desktop,en,Chrome,Linux,India,GJ,Gujarat,Surat,395007,21.1888,72.8293
49.36.83.154,2024-09-27,06:36:36 UTC,["necessary"],desktop,en,Chrome,Linux,India,GJ,Gujarat,Surat,395007,21.1888,72.8293
49.36.83.154,2024-09-27,08:28:02 UTC,["necessary"],desktop,en,Chrome,Linux,India,GJ,Gujarat,Surat,395007,21.1888,72.8293
49.36.83.154,2024-09-27,08:30:49 UTC,["necessary"],desktop,en,Chrome,Linux,India,GJ,Gujarat,Surat,395007,21.1888,72.8293
49.36.83.154,2024-09-30,10:22:29 UTC,["necessary"],desktop,en,Chrome,Linux,India,GJ,Gujarat,Surat,395007,21.1888,72.8293
49.36.83.154,2024-10-01,03:54:07 UTC,["necessary"],desktop,en,Chrome,Linux,India,GJ,Gujarat,Surat,395007,21.1888,72.8293
49.36.83.154,2024-10-01,04:58:43 UTC,["necessary"],desktop,en,Chrome,Linux,India,GJ,Gujarat,Surat,395007,21.1888,72.8293
49.36.83.154,2024-10-04,06:27:41 UTC,["necessary"],desktop,en,Chrome,Linux,India,GJ,Gujarat,Surat,395007,21.1888,72.8293
49.36.83.154,2024-10-04,06:57:01 UTC,["necessary"],desktop,en,Chrome,Linux,India,GJ,Gujarat,Surat,395007,21.1888,72.8293
49.36.83.154,2024-10-04,09:55:48 UTC,["necessary"],desktop,en,Chrome,Linux,India,GJ,Gujarat,Surat,395007,21.1888,72.8293
49.36.83.154,2024-10-04,10:04:25 UTC,["necessary"],desktop,en,Chrome,Linux,India,GJ,Gujarat,Surat,395007,21.1888,72.8293
49.36.83.154,2024-10-04,12:40:57 UTC,["necessary"],desktop,en,Chrome,Linux,India,GJ,Gujarat,Surat,395007,21.1888,72.8293
49.36.83.154,2024-10-07,11:22:12 UTC,["necessary"],desktop,en,Chrome,Linux,India,GJ,Gujarat,Surat,395007,21.1888,72.8293
49.36.83.154,2024-10-08,05:10:27 UTC,["necessary"],mobile,en,Chrome,Android,India,GJ,Gujarat,Surat,395007,21.1888,72.8293
49.36.83.154,2024-10-08,05:15:32 UTC,["necessary"],desktop,en,Chrome,Linux,India,GJ,Gujarat,Surat,395007,21.1888,72.8293
49.36.83.154,2024-10-08,08:39:10 UTC,["necessary"],desktop,en,Chrome,Linux,India,GJ,Gujarat,Surat,395007,21.1888,72.8293
49.36.83.154,2024-11-09,12:25:44 UTC,["necessary"],desktop,en,Chrome,Windows,India,GJ,Gujarat,Surat,395007,21.1888,72.8293
49.36.83.154,2024-11-21,06:07:59 UTC,["necessary"],desktop,en,Chrome,Windows,India,GJ,Gujarat,Surat,395007,21.1888,72.8293
